
pqpath =

  Columns 1 through 9

    0.0002    0.0001    0.0001    0.0000    0.0000    0.0000    0.0000    0.0000    0.0000
   -0.2540   -0.2544   -0.2542   -0.2533   -0.2515   -0.2487   -0.2448   -0.2398   -0.2337
    0.5009    0.5012    0.5003    0.4974    0.4919    0.4833    0.4714    0.4558    0.4366
    3.1403    3.1409    3.1413    3.1414    3.1415    3.1416    3.1416    3.1416    3.1416
    1.8143    1.8160    1.8161    1.8145    1.8110    1.8054    1.7974    1.7868    1.7737
   -0.0001   -0.0000   -0.0000   -0.0000   -0.0000   -0.0000   -0.0000   -0.0000   -0.0000
         0    0.0000    0.0000    0.0000    0.0000    0.0000    0.0000    0.0000    0.0000
         0   -0.0002   -0.0007   -0.0014   -0.0023   -0.0034   -0.0045   -0.0056   -0.0066
         0    0.0005    0.0020    0.0042    0.0070    0.0102    0.0138    0.0174    0.0210
         0   -0.0000   -0.0000   -0.0000   -0.0000   -0.0000   -0.0000   -0.0000   -0.0000
         0    0.0003    0.0013    0.0028    0.0047    0.0069    0.0093    0.0118    0.0144
         0   -0.0000   -0.0000   -0.0000   -0.0000   -0.0000   -0.0000   -0.0000   -0.0000
         0    0.0000    0.0000    0.0000    0.0000    0.0000    0.0000    0.0000    0.0000
         0   -0.0003   -0.0006   -0.0009   -0.0011   -0.0012   -0.0013   -0.0014   -0.0015
         0    0.0010    0.0019    0.0026    0.0032    0.0036    0.0040    0.0042    0.0043
         0   -0.0000   -0.0000   -0.0000   -0.0000   -0.0000   -0.0000   -0.0000   -0.0000
         0    0.0007    0.0012    0.0017    0.0021    0.0024    0.0026    0.0028    0.0028
         0   -0.0000   -0.0000   -0.0000   -0.0000   -0.0000   -0.0000   -0.0000   -0.0000

  Columns 10 through 18

    0.0000    0.0000   -0.0000   -0.0000   -0.0000   -0.0000   -0.0000   -0.0000   -0.0000
   -0.2266   -0.2186   -0.2100   -0.2010   -0.1917   -0.1824   -0.1733   -0.1647   -0.1566
    0.4139    0.3878    0.3587    0.3270    0.2931    0.2575    0.2205    0.1826    0.1444
    3.1416    3.1416    3.1416    3.1416    3.1416    3.1416    3.1416    3.1416    3.1416
    1.7581    1.7400    1.7195    1.6968    1.6722    1.6458    1.6179    1.5887    1.5586
   -0.0000    0.0000   -0.0000   -0.0000   -0.0000   -0.0000   -0.0000   -0.0000   -0.0000
    0.0000    0.0000   -0.0000   -0.0000   -0.0000   -0.0000   -0.0000   -0.0000   -0.0000
   -0.0075   -0.0083   -0.0088   -0.0092   -0.0093   -0.0092   -0.0089   -0.0084   -0.0077
    0.0244    0.0276    0.0304    0.0329    0.0349    0.0364    0.0375    0.0381    0.0383
   -0.0000   -0.0000    0.0000    0.0000    0.0000    0.0000    0.0000    0.0000   -0.0000
    0.0169    0.0193    0.0216    0.0237    0.0255    0.0272    0.0286    0.0297    0.0306
   -0.0000   -0.0000    0.0000    0.0000    0.0000    0.0000    0.0000    0.0000    0.0000
    0.0000    0.0000   -0.0000   -0.0000   -0.0000   -0.0000   -0.0000   -0.0000   -0.0000
   -0.0015   -0.0016   -0.0015   -0.0015   -0.0015   -0.0014   -0.0014   -0.0013   -0.0012
    0.0044    0.0044    0.0042    0.0040    0.0038    0.0035    0.0031    0.0028    0.0024
   -0.0000   -0.0000    0.0000    0.0000    0.0000    0.0000    0.0000    0.0000    0.0000
    0.0029    0.0028    0.0027    0.0025    0.0023    0.0021    0.0018    0.0015    0.0011
   -0.0000   -0.0000    0.0000    0.0000    0.0000    0.0000    0.0000    0.0000    0.0000

  Columns 19 through 27

   -0.0000   -0.0000   -0.0000   -0.0000   -0.0000   -0.0000   -0.0000   -0.0000   -0.0000
   -0.1492   -0.1428   -0.1373   -0.1328   -0.1294   -0.1271   -0.1257   -0.1253   -0.1256
    0.1061    0.0683    0.0312   -0.0048   -0.0395   -0.0724   -0.1036   -0.1326   -0.1595
    3.1416    3.1416    3.1416    3.1416    3.1416    3.1416    3.1416    3.1416    3.1416
    1.5277    1.4963    1.4647    1.4331    1.4019    1.3713    1.3415    1.3129    1.2857
   -0.0000   -0.0000   -0.0000   -0.0000   -0.0000   -0.0000   -0.0000   -0.0000   -0.0000
   -0.0000   -0.0000   -0.0000   -0.0000   -0.0000   -0.0000   -0.0000   -0.0000   -0.0000
   -0.0069   -0.0060   -0.0050   -0.0039   -0.0029   -0.0018   -0.0009   -0.0000    0.0007
    0.0381    0.0375    0.0366    0.0354    0.0338    0.0321    0.0301    0.0280    0.0257
   -0.0000   -0.0000   -0.0000   -0.0000   -0.0000   -0.0000   -0.0000   -0.0000   -0.0000
    0.0312    0.0315    0.0316    0.0314    0.0310    0.0302    0.0292    0.0280    0.0265
    0.0000    0.0000    0.0000    0.0000    0.0000    0.0000    0.0000    0.0000    0.0000
   -0.0000    0.0000    0.0000    0.0000    0.0000    0.0000    0.0000    0.0000    0.0000
   -0.0012   -0.0011   -0.0010   -0.0010   -0.0009   -0.0009   -0.0009   -0.0008   -0.0008
    0.0019    0.0015    0.0011    0.0007    0.0003   -0.0001   -0.0005   -0.0008   -0.0011
    0.0000    0.0000    0.0000    0.0000    0.0000    0.0000    0.0000    0.0000    0.0000
    0.0008    0.0004    0.0001   -0.0003   -0.0007   -0.0010   -0.0013   -0.0016   -0.0019
    0.0000    0.0000    0.0000    0.0000   -0.0000   -0.0000   -0.0000   -0.0000   -0.0000

  Columns 28 through 36

   -0.0000   -0.0000   -0.0000   -0.0000   -0.0000   -0.0000   -0.0000   -0.0000   -0.0000
   -0.1267   -0.1283   -0.1303   -0.1325   -0.1347   -0.1369   -0.1388   -0.1405   -0.1419
   -0.1840   -0.2062   -0.2259   -0.2432   -0.2581   -0.2706   -0.2808   -0.2889   -0.2950
    3.1416    3.1416    3.1416    3.1416    3.1416    3.1416    3.1416    3.1416    3.1416
    1.2600    1.2363    1.2146    1.1951    1.1780    1.1633    1.1512    1.1414    1.1340
   -0.0000   -0.0000   -0.0000   -0.0000   -0.0000   -0.0000   -0.0000   -0.0000   -0.0000
   -0.0000   -0.0000   -0.0000   -0.0000   -0.0000   -0.0000   -0.0000   -0.0000   -0.0000
    0.0014    0.0018    0.0021    0.0022    0.0022    0.0021    0.0018    0.0015    0.0012
    0.0234    0.0209    0.0185    0.0161    0.0137    0.0113    0.0091    0.0071    0.0052
   -0.0000   -0.0000   -0.0000   -0.0000   -0.0000   -0.0000   -0.0000   -0.0000   -0.0000
    0.0247    0.0228    0.0206    0.0183    0.0159    0.0134    0.0110    0.0086    0.0063
    0.0000    0.0000    0.0000    0.0000    0.0000    0.0000    0.0000    0.0000    0.0000
    0.0000    0.0000    0.0000    0.0000    0.0000    0.0000    0.0000    0.0000    0.0000
   -0.0008   -0.0007   -0.0007   -0.0007   -0.0006   -0.0006   -0.0005   -0.0005   -0.0004
   -0.0013   -0.0016   -0.0017   -0.0019   -0.0019   -0.0020   -0.0020   -0.0019   -0.0017
    0.0000    0.0000    0.0000    0.0000    0.0000    0.0000    0.0000    0.0000    0.0000
   -0.0021   -0.0023   -0.0024   -0.0025   -0.0026   -0.0026   -0.0025   -0.0024   -0.0022
   -0.0000   -0.0000   -0.0000   -0.0000   -0.0000   -0.0000   -0.0000   -0.0000   -0.0000

  Columns 37 through 45

   -0.0000   -0.0000   -0.0000   -0.0000   -0.0000   -0.0000   -0.0000   -0.0000   -0.0000
   -0.1429   -0.1435   -0.1439   -0.1440   -0.1440   -0.1440   -0.1441   -0.1446   -0.1457
   -0.2993   -0.3020   -0.3035   -0.3040   -0.3041   -0.3041   -0.3042   -0.3048   -0.3061
    3.1416    3.1416    3.1416    3.1416    3.1416    3.1416    3.1416    3.1416    3.1416
    1.1287    1.1253    1.1234    1.1227    1.1226    1.1226    1.1225    1.1214    1.1189
   -0.0000   -0.0000   -0.0000   -0.0000   -0.0000   -0.0000   -0.0000   -0.0000   -0.0000
   -0.0000   -0.0000   -0.0000   -0.0000         0         0   -0.0000   -0.0000   -0.0000
    0.0008    0.0005    0.0002    0.0001         0         0    0.0002    0.0008    0.0015
    0.0035    0.0021    0.0010    0.0003         0         0    0.0003    0.0009    0.0018
   -0.0000   -0.0000   -0.0000   -0.0000         0         0   -0.0000   -0.0000   -0.0000
    0.0043    0.0026    0.0012    0.0003         0         0    0.0005    0.0017    0.0034
    0.0000    0.0000    0.0000    0.0000         0         0    0.0000    0.0000    0.0000
    0.0000    0.0000    0.0000    0.0000    0.0000         0   -0.0000   -0.0000   -0.0000
   -0.0004   -0.0003   -0.0002   -0.0001   -0.0000         0    0.0004    0.0007    0.0008
   -0.0015   -0.0013   -0.0009   -0.0005   -0.0000         0    0.0005    0.0008    0.0010
    0.0000    0.0000    0.0000    0.0000    0.0000         0   -0.0000   -0.0000   -0.0000
   -0.0019   -0.0016   -0.0011   -0.0006   -0.0000         0    0.0009    0.0015    0.0019
   -0.0000   -0.0000   -0.0000   -0.0000   -0.0000         0    0.0000    0.0000    0.0000

  Columns 46 through 54

   -0.0000   -0.0000   -0.0000   -0.0000   -0.0000   -0.0000   -0.0000   -0.0000   -0.0000
   -0.1477   -0.1506   -0.1545   -0.1593   -0.1649   -0.1711   -0.1778   -0.1846   -0.1913
   -0.3085   -0.3119   -0.3162   -0.3214   -0.3273   -0.3335   -0.3398   -0.3459   -0.3517
    3.1416    3.1416    3.1416    3.1416    3.1416    3.1416    3.1416    3.1416    3.1416
    1.1146    1.1083    1.1000    1.0900    1.0786    1.0662    1.0532    1.0403    1.0278
   -0.0000   -0.0000   -0.0000   -0.0000   -0.0000   -0.0000   -0.0000   -0.0000   -0.0000
   -0.0000   -0.0000   -0.0000   -0.0000   -0.0000   -0.0000   -0.0000   -0.0000   -0.0000
    0.0024    0.0034    0.0044    0.0052    0.0059    0.0065    0.0068    0.0068    0.0066
    0.0029    0.0039    0.0048    0.0056    0.0061    0.0063    0.0063    0.0060    0.0055
   -0.0000   -0.0000   -0.0000   -0.0000   -0.0000   -0.0000   -0.0000   -0.0000   -0.0000
    0.0053    0.0073    0.0092    0.0108    0.0120    0.0128    0.0130    0.0128    0.0120
    0.0000    0.0000    0.0000    0.0000    0.0000    0.0000    0.0000    0.0000    0.0000
   -0.0000   -0.0000   -0.0000   -0.0000   -0.0000   -0.0000    0.0000    0.0000    0.0000
    0.0009    0.0009    0.0007    0.0006    0.0004    0.0001   -0.0002   -0.0004   -0.0007
    0.0011    0.0011    0.0010    0.0008    0.0006    0.0004    0.0002   -0.0001   -0.0003
   -0.0000   -0.0000   -0.0000   -0.0000   -0.0000   -0.0000    0.0000    0.0000    0.0000
    0.0020    0.0019    0.0017    0.0014    0.0010    0.0005   -0.0000   -0.0005   -0.0010
    0.0000    0.0000    0.0000    0.0000    0.0000   -0.0000   -0.0000   -0.0000   -0.0000

  Columns 55 through 63

   -0.0000   -0.0000   -0.0000   -0.0000   -0.0000   -0.0000   -0.0000   -0.0000   -0.0000
   -0.1976   -0.2033   -0.2080   -0.2117   -0.2142   -0.2157   -0.2163   -0.2164   -0.2164
   -0.3568   -0.3612   -0.3648   -0.3675   -0.3694   -0.3704   -0.3708   -0.3709   -0.3709
    3.1416    3.1416    3.1416    3.1416    3.1416    3.1416    3.1416    3.1416    3.1416
    1.0163    1.0063    0.9980    0.9916    0.9872    0.9847    0.9836    0.9835    0.9835
   -0.0000   -0.0000   -0.0000   -0.0000   -0.0000   -0.0000   -0.0000   -0.0000   -0.0000
   -0.0000   -0.0000   -0.0000   -0.0000   -0.0000   -0.0000   -0.0000         0         0
    0.0060    0.0052    0.0042    0.0031    0.0020    0.0010    0.0003         0         0
    0.0048    0.0040    0.0031    0.0023    0.0014    0.0007    0.0002         0         0
   -0.0000   -0.0000   -0.0000   -0.0000   -0.0000   -0.0000   -0.0000         0         0
    0.0108    0.0092    0.0074    0.0054    0.0034    0.0017    0.0005         0         0
    0.0000    0.0000    0.0000    0.0000    0.0000    0.0000    0.0000         0         0
    0.0000    0.0000    0.0000    0.0000    0.0000    0.0000    0.0000    0.0000         0
   -0.0009   -0.0011   -0.0012   -0.0012   -0.0011   -0.0009   -0.0005   -0.0000         0
   -0.0005   -0.0007   -0.0008   -0.0008   -0.0008   -0.0006   -0.0004   -0.0000         0
    0.0000    0.0000    0.0000    0.0000    0.0000    0.0000    0.0000    0.0000         0
   -0.0014   -0.0018   -0.0020   -0.0020   -0.0019   -0.0015   -0.0009   -0.0000         0
   -0.0000   -0.0000   -0.0000   -0.0000   -0.0000   -0.0000   -0.0000   -0.0000         0

  Columns 64 through 72

   -0.0000   -0.0000   -0.0000   -0.0000   -0.0000   -0.0000   -0.0000   -0.0000   -0.0000
   -0.2162   -0.2148   -0.2117   -0.2066   -0.1996   -0.1913   -0.1823   -0.1733   -0.1649
   -0.3707   -0.3698   -0.3675   -0.3637   -0.3584   -0.3517   -0.3439   -0.3356   -0.3273
    3.1416    3.1416    3.1416    3.1416    3.1416    3.1416    3.1416    3.1416    3.1416
    0.9839    0.9862    0.9916    1.0005    1.0128    1.0278    1.0446    1.0619    1.0786
   -0.0000   -0.0000   -0.0000   -0.0000   -0.0000   -0.0000   -0.0000   -0.0000   -0.0000
    0.0000    0.0000    0.0000    0.0000    0.0000    0.0000    0.0000    0.0000    0.0000
   -0.0006   -0.0022   -0.0041   -0.0061   -0.0077   -0.0087   -0.0091   -0.0088   -0.0079
   -0.0004   -0.0016   -0.0030   -0.0046   -0.0061   -0.0073   -0.0081   -0.0084   -0.0081
    0.0000    0.0000    0.0000    0.0000    0.0000    0.0000    0.0000    0.0000    0.0000
   -0.0011   -0.0037   -0.0072   -0.0107   -0.0138   -0.0161   -0.0173   -0.0172   -0.0160
   -0.0000   -0.0000   -0.0000   -0.0000   -0.0000   -0.0000   -0.0000   -0.0000   -0.0000
    0.0000    0.0000    0.0000    0.0000    0.0000    0.0000    0.0000   -0.0000   -0.0000
   -0.0012   -0.0019   -0.0021   -0.0021   -0.0017   -0.0012   -0.0006    0.0000    0.0006
   -0.0008   -0.0013   -0.0015   -0.0014   -0.0010   -0.0006   -0.0000    0.0006    0.0011
    0.0000    0.0000    0.0000    0.0000    0.0000    0.0000    0.0000    0.0000   -0.0000
   -0.0020   -0.0032   -0.0036   -0.0034   -0.0028   -0.0018   -0.0006    0.0006    0.0018
   -0.0000   -0.0000   -0.0000   -0.0000   -0.0000   -0.0000   -0.0000   -0.0000    0.0000

  Columns 73 through 81

   -0.0000   -0.0000   -0.0000   -0.0000   -0.0000   -0.0000   -0.0000   -0.0000   -0.0001
   -0.1576   -0.1518   -0.1477   -0.1452   -0.1442   -0.1440   -0.1440   -0.1442   -0.1450
   -0.3196   -0.3132   -0.3085   -0.3056   -0.3043   -0.3041   -0.3041   -0.3040   -0.3031
    3.1416    3.1416    3.1416    3.1416    3.1416    3.1416    3.1416    3.1416    3.1416
    1.0935    1.1057    1.1146    1.1200    1.1223    1.1226    1.1226    1.1226    1.1228
   -0.0000   -0.0000   -0.0000   -0.0000   -0.0000   -0.0000   -0.0000   -0.0000   -0.0001
    0.0000    0.0000    0.0000    0.0000    0.0000         0         0   -0.0001   -0.0002
   -0.0066   -0.0050   -0.0033   -0.0017   -0.0005         0         0    0.0004    0.0013
   -0.0071   -0.0056   -0.0038   -0.0020   -0.0006         0         0   -0.0004   -0.0016
    0.0000    0.0000    0.0000    0.0000    0.0000         0         0   -0.0000    0.0000
   -0.0137   -0.0106   -0.0071   -0.0037   -0.0011         0         0   -0.0001   -0.0002
   -0.0000   -0.0000   -0.0000   -0.0000   -0.0000         0         0   -0.0001   -0.0002
   -0.0000   -0.0000   -0.0000   -0.0000   -0.0000   -0.0000         0   -0.0001   -0.0002
    0.0011    0.0015    0.0016    0.0014    0.0009    0.0000         0    0.0007    0.0013
    0.0016    0.0019    0.0020    0.0017    0.0011    0.0000         0   -0.0008   -0.0015
   -0.0000   -0.0000   -0.0000   -0.0000   -0.0000   -0.0000         0   -0.0000    0.0000
    0.0027    0.0034    0.0035    0.0031    0.0020    0.0000         0   -0.0001   -0.0002
    0.0000    0.0000    0.0000    0.0000    0.0000    0.0000         0   -0.0001   -0.0002

  Columns 82 through 90

   -0.0005   -0.0011   -0.0020   -0.0033   -0.0050   -0.0071   -0.0095   -0.0123   -0.0153
   -0.1470   -0.1509   -0.1568   -0.1652   -0.1762   -0.1900   -0.2066   -0.2259   -0.2480
   -0.3007   -0.2962   -0.2893   -0.2795   -0.2664   -0.2500   -0.2299   -0.2062   -0.1786
    3.1416    3.1416    3.1416    3.1416    3.1417    3.1416    3.1416    3.1416    3.1416
    1.1231    1.1237    1.1247    1.1261    1.1281    1.1308    1.1343    1.1387    1.1442
   -0.0005   -0.0011   -0.0020   -0.0033   -0.0051   -0.0071   -0.0095   -0.0123   -0.0153
   -0.0005   -0.0008   -0.0012   -0.0016   -0.0020   -0.0025   -0.0029   -0.0034   -0.0038
    0.0029    0.0048    0.0071    0.0097    0.0124    0.0151    0.0179    0.0206    0.0232
   -0.0033   -0.0056   -0.0083   -0.0114   -0.0147   -0.0182   -0.0218   -0.0255   -0.0293
    0.0000    0.0000    0.0000    0.0000    0.0000    0.0000   -0.0000   -0.0000   -0.0000
   -0.0005   -0.0008   -0.0012   -0.0017   -0.0023   -0.0031   -0.0039   -0.0049   -0.0061
   -0.0005   -0.0008   -0.0012   -0.0016   -0.0020   -0.0025   -0.0029   -0.0034   -0.0038
   -0.0003   -0.0004   -0.0004   -0.0005   -0.0005   -0.0005   -0.0006   -0.0006   -0.0006
    0.0018    0.0022    0.0025    0.0027    0.0028    0.0029    0.0029    0.0028    0.0027
   -0.0020   -0.0025   -0.0028   -0.0030   -0.0032   -0.0032   -0.0032   -0.0030   -0.0028
    0.0000    0.0000    0.0000    0.0000    0.0000    0.0000   -0.0000   -0.0000   -0.0000
   -0.0003   -0.0003   -0.0004   -0.0004   -0.0004   -0.0003   -0.0003   -0.0002   -0.0002
   -0.0003   -0.0004   -0.0004   -0.0005   -0.0005   -0.0005   -0.0006   -0.0006   -0.0006

  Columns 91 through 99

   -0.0185   -0.0219   -0.0254   -0.0290   -0.0326   -0.0361   -0.0395   -0.0428   -0.0460
   -0.2726   -0.2996   -0.3289   -0.3603   -0.3935   -0.4284   -0.4647   -0.5022   -0.5408
   -0.1473   -0.1122   -0.0733   -0.0308    0.0151    0.0645    0.1169    0.1723    0.2304
    3.1416    3.1416    3.1416    3.1416    3.1416    3.1416    3.1416    3.1416    3.1416
    1.1509    1.1589    1.1685    1.1796    1.1924    1.2069    1.2230    1.2408    1.2604
   -0.0185   -0.0219   -0.0255   -0.0290   -0.0326   -0.0361   -0.0395   -0.0428   -0.0460
   -0.0042   -0.0045   -0.0049   -0.0051   -0.0053   -0.0055   -0.0055   -0.0056   -0.0055
    0.0257    0.0280    0.0301    0.0320    0.0337    0.0352    0.0365    0.0375    0.0384
   -0.0330   -0.0367   -0.0403   -0.0438   -0.0472   -0.0503   -0.0533   -0.0560   -0.0585
    0.0000    0.0000    0.0000    0.0000   -0.0000   -0.0000    0.0000    0.0000    0.0000
   -0.0073   -0.0087   -0.0102   -0.0118   -0.0135   -0.0151   -0.0168   -0.0185   -0.0201
   -0.0042   -0.0045   -0.0049   -0.0051   -0.0053   -0.0055   -0.0055   -0.0056   -0.0055
   -0.0006   -0.0006   -0.0006   -0.0005   -0.0005   -0.0005   -0.0004   -0.0004   -0.0003
    0.0025    0.0022    0.0019    0.0016    0.0012    0.0007    0.0002   -0.0003   -0.0008
   -0.0025   -0.0022   -0.0017   -0.0012   -0.0006    0.0000    0.0008    0.0015    0.0024
    0.0000    0.0000    0.0000    0.0000    0.0000   -0.0000   -0.0000    0.0000   -0.0000
   -0.0001    0.0001    0.0002    0.0004    0.0006    0.0008    0.0010    0.0013    0.0016
   -0.0006   -0.0006   -0.0006   -0.0005   -0.0005   -0.0005   -0.0004   -0.0004   -0.0003

  Columns 100 through 108

   -0.0490   -0.0518   -0.0545   -0.0569   -0.0592   -0.0612   -0.0630   -0.0647   -0.0661
   -0.5800   -0.6201   -0.6604   -0.7010   -0.7415   -0.7817   -0.8215   -0.8604   -0.8982
    0.2908    0.3535    0.4180    0.4839    0.5508    0.6183    0.6860    0.7532    0.8192
    3.1416    3.1416    3.1415    3.1416    3.1416    3.1416    3.1416    3.1416    3.1416
    1.2810    1.3041    1.3283    1.3537    1.3801    1.4073    1.4353    1.4636    1.4918
   -0.0490   -0.0518   -0.0544   -0.0569   -0.0592   -0.0612   -0.0630   -0.0647   -0.0661
   -0.0054   -0.0053   -0.0051   -0.0048   -0.0046   -0.0043   -0.0039   -0.0036   -0.0032
    0.0391    0.0395    0.0398    0.0398    0.0397    0.0392    0.0386    0.0376    0.0363
   -0.0607   -0.0625   -0.0641   -0.0653   -0.0660   -0.0663   -0.0661   -0.0653   -0.0638
    0.0000    0.0000   -0.0000    0.0000    0.0000    0.0000    0.0000   -0.0000   -0.0000
   -0.0216   -0.0230   -0.0243   -0.0254   -0.0264   -0.0271   -0.0275   -0.0277   -0.0275
   -0.0054   -0.0053   -0.0051   -0.0048   -0.0046   -0.0043   -0.0039   -0.0036   -0.0032
   -0.0002   -0.0002   -0.0001   -0.0000    0.0001    0.0001    0.0002    0.0002    0.0003
   -0.0014   -0.0020   -0.0026   -0.0033   -0.0040   -0.0047   -0.0053   -0.0060   -0.0067
    0.0033    0.0043    0.0053    0.0064    0.0076    0.0088    0.0100    0.0113    0.0125
    0.0000    0.0000    0.0000    0.0000    0.0000   -0.0000   -0.0000    0.0000   -0.0000
    0.0019    0.0023    0.0027    0.0032    0.0036    0.0042    0.0047    0.0053    0.0058
   -0.0002   -0.0002   -0.0001   -0.0000    0.0001    0.0001    0.0002    0.0002    0.0003

  Columns 109 through 117

   -0.0673   -0.0684   -0.0693   -0.0700   -0.0706   -0.0710   -0.0713   -0.0715   -0.0716
   -0.9344   -0.9687   -1.0006   -1.0293   -1.0543   -1.0749   -1.0906   -1.1013   -1.1072
    0.8832    0.9446    1.0021    1.0544    1.1003    1.1383    1.1675    1.1873    1.1985
    3.1416    3.1416    3.1416    3.1416    3.1415    3.1416    3.1416    3.1416    3.1416
    1.5195    1.5466    1.5723    1.5959    1.6168    1.6342    1.6476    1.6569    1.6620
   -0.0673   -0.0684   -0.0693   -0.0700   -0.0706   -0.0710   -0.0713   -0.0715   -0.0716
   -0.0028   -0.0024   -0.0020   -0.0016   -0.0013   -0.0009   -0.0006   -0.0004   -0.0002
    0.0346    0.0324    0.0297    0.0264    0.0224    0.0178    0.0129    0.0080    0.0039
   -0.0615   -0.0583   -0.0539   -0.0482   -0.0412   -0.0330   -0.0239   -0.0149   -0.0072
    0.0000    0.0000   -0.0000    0.0000    0.0000    0.0000    0.0000   -0.0000   -0.0000
   -0.0269   -0.0258   -0.0242   -0.0219   -0.0188   -0.0152   -0.0111   -0.0069   -0.0033
   -0.0028   -0.0024   -0.0020   -0.0016   -0.0013   -0.0009   -0.0006   -0.0004   -0.0002
    0.0003    0.0003    0.0003    0.0003    0.0003    0.0003    0.0003    0.0002    0.0002
   -0.0073   -0.0078   -0.0081   -0.0082   -0.0079   -0.0074   -0.0064   -0.0052   -0.0037
    0.0136    0.0145    0.0151    0.0153    0.0149    0.0138    0.0120    0.0097    0.0070
   -0.0000   -0.0000   -0.0000   -0.0000   -0.0000   -0.0000   -0.0000    0.0000    0.0000
    0.0063    0.0067    0.0070    0.0071    0.0069    0.0064    0.0056    0.0045    0.0032
    0.0003    0.0003    0.0003    0.0003    0.0003    0.0003    0.0003    0.0002    0.0002

  Columns 118 through 126

   -0.0717   -0.0717   -0.0717   -0.0717   -0.0717   -0.0717   -0.0717   -0.0717   -0.0717
   -1.1096   -1.1100   -1.1100   -1.1099   -1.1093   -1.1080   -1.1062   -1.1041   -1.1021
    1.2029    1.2036    1.2036    1.2030    1.1997    1.1921    1.1802    1.1645    1.1465
    3.1416    3.1416    3.1416    3.1416    3.1416    3.1416    3.1416    3.1416    3.1416
    1.6641    1.6644    1.6644    1.6640    1.6612    1.6549    1.6448    1.6312    1.6152
   -0.0717   -0.0717   -0.0717   -0.0717   -0.0717   -0.0717   -0.0717   -0.0717   -0.0717
   -0.0000         0         0   -0.0000   -0.0000    0.0000   -0.0000    0.0000    0.0000
    0.0010         0         0   -0.0003   -0.0009   -0.0016   -0.0020   -0.0021   -0.0017
   -0.0019         0         0    0.0016    0.0053    0.0098    0.0140    0.0171    0.0186
   -0.0000         0         0    0.0000    0.0000   -0.0000    0.0000   -0.0000   -0.0000
   -0.0009         0         0    0.0013    0.0044    0.0082    0.0120    0.0150    0.0169
   -0.0000         0         0    0.0000    0.0000   -0.0000    0.0000   -0.0000   -0.0000
    0.0001    0.0000         0   -0.0000   -0.0000    0.0000   -0.0000    0.0000    0.0000
   -0.0020   -0.0000         0   -0.0005   -0.0008   -0.0010   -0.0011   -0.0010   -0.0009
    0.0038    0.0000         0    0.0029    0.0046    0.0053    0.0052    0.0045    0.0034
    0.0000    0.0000         0    0.0000    0.0000   -0.0000    0.0000   -0.0000   -0.0000
    0.0017    0.0000         0    0.0024    0.0038    0.0043    0.0042    0.0035    0.0025
    0.0001    0.0000         0    0.0000    0.0000   -0.0000    0.0000   -0.0000   -0.0000

  Columns 127 through 135

   -0.0717   -0.0717   -0.0717   -0.0717   -0.0717   -0.0717   -0.0717   -0.0717   -0.0717
   -1.1007   -1.1000   -1.0999   -1.1003   -1.1010   -1.1016   -1.1021   -1.1023   -1.1023
    1.1279    1.1099    1.0937    1.0802    1.0696    1.0622    1.0579    1.0562    1.0559
    3.1416    3.1416    3.1416    3.1416    3.1416    3.1416    3.1414    3.1415    3.1415
    1.5979    1.5807    1.5646    1.5506    1.5394    1.5314    1.5267    1.5247    1.5243
   -0.0717   -0.0717   -0.0717   -0.0717   -0.0717   -0.0717   -0.0717   -0.0717   -0.0717
    0.0000   -0.0000   -0.0000   -0.0000   -0.0000    0.0000    0.0000    0.0000         0
   -0.0011   -0.0004    0.0002    0.0006    0.0007    0.0006    0.0003    0.0001         0
    0.0185    0.0172    0.0150    0.0121    0.0089    0.0058    0.0029    0.0008         0
   -0.0000    0.0000   -0.0000   -0.0000   -0.0000    0.0000    0.0000    0.0000         0
    0.0175    0.0168    0.0152    0.0127    0.0096    0.0063    0.0033    0.0009         0
   -0.0000    0.0000    0.0000    0.0000    0.0000   -0.0000   -0.0000   -0.0000         0
    0.0000    0.0000    0.0000    0.0000    0.0000   -0.0000   -0.0000   -0.0000   -0.0000
   -0.0008   -0.0006   -0.0005   -0.0005   -0.0004   -0.0004   -0.0003   -0.0002   -0.0000
    0.0020    0.0006   -0.0007   -0.0018   -0.0025   -0.0027   -0.0025   -0.0016   -0.0000
   -0.0000    0.0000    0.0000    0.0000    0.0000   -0.0000   -0.0000   -0.0000   -0.0000
    0.0013   -0.0000   -0.0012   -0.0022   -0.0029   -0.0031   -0.0028   -0.0018   -0.0000
   -0.0000    0.0000   -0.0000   -0.0000   -0.0000    0.0000    0.0000    0.0000    0.0000

  Columns 136 through 144

   -0.0717   -0.0717   -0.0716   -0.0715   -0.0714   -0.0710   -0.0706   -0.0700   -0.0693
   -1.1023   -1.1021   -1.1003   -1.0958   -1.0878   -1.0755   -1.0588   -1.0380   -1.0132
    1.0559    1.0554    1.0523    1.0443    1.0299    1.0082    0.9788    0.9422    0.8991
    3.1415    3.1416    3.1416    3.1416    3.1417    3.1416    3.1416    3.1416    3.1416
    1.5243    1.5241    1.5228    1.5192    1.5129    1.5035    1.4907    1.4750    1.4567
   -0.0717   -0.0717   -0.0716   -0.0715   -0.0714   -0.0710   -0.0706   -0.0700   -0.0693
         0    0.0000    0.0002    0.0004    0.0006    0.0009    0.0013    0.0016    0.0020
         0   -0.0008   -0.0029   -0.0060   -0.0099   -0.0141   -0.0184   -0.0224   -0.0260
         0    0.0014    0.0051    0.0107    0.0176    0.0250    0.0323    0.0390    0.0449
         0    0.0000    0.0000    0.0000   -0.0000    0.0000    0.0000    0.0000    0.0000
         0    0.0006    0.0022    0.0047    0.0077    0.0108    0.0139    0.0166    0.0189
         0    0.0000    0.0002    0.0004    0.0006    0.0009    0.0013    0.0016    0.0020
         0    0.0001    0.0002    0.0002    0.0003    0.0003    0.0003    0.0003    0.0003
         0   -0.0015   -0.0027   -0.0038   -0.0047   -0.0054   -0.0059   -0.0062   -0.0063
         0    0.0026    0.0049    0.0068    0.0084    0.0097    0.0106    0.0112    0.0114
         0    0.0000    0.0000    0.0000   -0.0000    0.0000    0.0000    0.0000    0.0000
         0    0.0012    0.0022    0.0030    0.0037    0.0043    0.0047    0.0050    0.0051
         0    0.0001    0.0002    0.0002    0.0003    0.0003    0.0003    0.0003    0.0003

  Columns 145 through 153

   -0.0684   -0.0674   -0.0661   -0.0647   -0.0630   -0.0612   -0.0592   -0.0569   -0.0545
   -0.9849   -0.9536   -0.9199   -0.8840   -0.8466   -0.8078   -0.7680   -0.7275   -0.6867
    0.8505    0.7974    0.7408    0.6815    0.6205    0.5585    0.4960    0.4337    0.3721
    3.1416    3.1416    3.1416    3.1416    3.1416    3.1416    3.1416    3.1416    3.1416
    1.4364    1.4146    1.3917    1.3683    1.3448    1.3215    1.2988    1.2769    1.2562
   -0.0684   -0.0674   -0.0661   -0.0647   -0.0630   -0.0612   -0.0592   -0.0569   -0.0545
    0.0024    0.0028    0.0032    0.0036    0.0039    0.0043    0.0046    0.0048    0.0051
   -0.0292   -0.0319   -0.0341   -0.0360   -0.0375   -0.0386   -0.0394   -0.0400   -0.0403
    0.0499    0.0538    0.0568    0.0589    0.0603    0.0611    0.0612    0.0608    0.0600
    0.0000    0.0000    0.0000    0.0000    0.0000    0.0000   -0.0000   -0.0000   -0.0000
    0.0207    0.0219    0.0226    0.0230    0.0229    0.0225    0.0218    0.0208    0.0197
    0.0024    0.0028    0.0032    0.0036    0.0039    0.0043    0.0046    0.0048    0.0051
    0.0003    0.0003    0.0003    0.0002    0.0002    0.0001    0.0001   -0.0000   -0.0001
   -0.0063   -0.0060   -0.0057   -0.0052   -0.0047   -0.0041   -0.0035   -0.0029   -0.0023
    0.0113    0.0109    0.0102    0.0095    0.0086    0.0076    0.0067    0.0057    0.0048
    0.0000    0.0000    0.0000    0.0000    0.0000    0.0000   -0.0000   -0.0000    0.0000
    0.0050    0.0048    0.0046    0.0042    0.0039    0.0035    0.0032    0.0028    0.0025
    0.0003    0.0003    0.0003    0.0002    0.0002    0.0001    0.0001   -0.0000   -0.0001

  Columns 154 through 162

   -0.0518   -0.0490   -0.0460   -0.0428   -0.0395   -0.0361   -0.0326   -0.0290   -0.0254
   -0.6457   -0.6048   -0.5643   -0.5243   -0.4852   -0.4472   -0.4105   -0.3754   -0.3421
    0.3117    0.2528    0.1958    0.1411    0.0889    0.0395   -0.0069   -0.0500   -0.0898
    3.1416    3.1416    3.1416    3.1416    3.1416    3.1416    3.1416    3.1416    3.1416
    1.2368    1.2188    1.2023    1.1876    1.1745    1.1631    1.1534    1.1454    1.1388
   -0.0518   -0.0490   -0.0460   -0.0428   -0.0395   -0.0361   -0.0326   -0.0290   -0.0254
    0.0053    0.0054    0.0055    0.0056    0.0055    0.0055    0.0053    0.0051    0.0049
   -0.0403   -0.0401   -0.0397   -0.0390   -0.0381   -0.0370   -0.0356   -0.0339   -0.0320
    0.0587    0.0570    0.0550    0.0527    0.0501    0.0473    0.0443    0.0411    0.0378
   -0.0000   -0.0000   -0.0000   -0.0000   -0.0000   -0.0000   -0.0000   -0.0000    0.0000
    0.0183    0.0169    0.0153    0.0137    0.0120    0.0103    0.0087    0.0072    0.0057
    0.0053    0.0054    0.0055    0.0056    0.0055    0.0055    0.0053    0.0051    0.0049
   -0.0002   -0.0002   -0.0003   -0.0004   -0.0004   -0.0005   -0.0005   -0.0005   -0.0006
   -0.0017   -0.0012   -0.0006   -0.0001    0.0005    0.0009    0.0014    0.0018    0.0021
    0.0039    0.0030    0.0022    0.0015    0.0008    0.0001   -0.0005   -0.0010   -0.0015
    0.0000    0.0000   -0.0000   -0.0000    0.0000    0.0000    0.0000    0.0000   -0.0000
    0.0022    0.0019    0.0016    0.0014    0.0012    0.0010    0.0009    0.0007    0.0006
   -0.0002   -0.0002   -0.0003   -0.0004   -0.0004   -0.0005   -0.0005   -0.0005   -0.0006

  Columns 163 through 171

   -0.0219   -0.0185   -0.0153   -0.0123   -0.0095   -0.0071   -0.0050   -0.0033   -0.0020
   -0.3109   -0.2821   -0.2557   -0.2324   -0.2114   -0.1936   -0.1787   -0.1669   -0.1578
   -0.1262   -0.1590   -0.1881   -0.2134   -0.2356   -0.2542   -0.2694   -0.2814   -0.2905
    3.1416    3.1416    3.1416    3.1416    3.1416    3.1416    3.1416    3.1416    3.1416
    1.1336    1.1298    1.1269    1.1265    1.1241    1.1231    1.1226    1.1225    1.1225
   -0.0219   -0.0185   -0.0153   -0.0123   -0.0095   -0.0071   -0.0050   -0.0033   -0.0020
    0.0045    0.0042    0.0038    0.0034    0.0029    0.0025    0.0020    0.0016    0.0012
   -0.0299   -0.0275   -0.0249   -0.0221   -0.0192   -0.0163   -0.0133   -0.0104   -0.0077
    0.0343    0.0308    0.0272    0.0237    0.0202    0.0168    0.0135    0.0105    0.0077
   -0.0000   -0.0000   -0.0000    0.0000    0.0000    0.0000    0.0000    0.0000   -0.0000
    0.0044    0.0033    0.0023    0.0015    0.0009    0.0005    0.0002    0.0001   -0.0000
    0.0045    0.0042    0.0038    0.0034    0.0029    0.0025    0.0020    0.0016    0.0012
   -0.0006   -0.0006   -0.0006   -0.0006   -0.0006   -0.0005   -0.0005   -0.0005   -0.0004
    0.0025    0.0027    0.0029    0.0030    0.0031    0.0031    0.0030    0.0029    0.0027
   -0.0019   -0.0023   -0.0026   -0.0028   -0.0029   -0.0029   -0.0029   -0.0028   -0.0026
    0.0000    0.0000   -0.0000   -0.0000   -0.0000   -0.0000   -0.0000   -0.0000    0.0000
    0.0005    0.0004    0.0003    0.0003    0.0002    0.0002    0.0001    0.0001    0.0001
   -0.0006   -0.0006   -0.0006   -0.0006   -0.0006   -0.0005   -0.0005   -0.0005   -0.0004

  Columns 172 through 180

   -0.0011   -0.0005   -0.0001   -0.0000   -0.0000   -0.0000   -0.0000   -0.0000   -0.0000
   -0.1514   -0.1473   -0.1450   -0.1442   -0.1440   -0.1440   -0.1440   -0.1440   -0.1440
   -0.2969   -0.3010   -0.3032   -0.3040   -0.3041   -0.3041   -0.3041   -0.3041   -0.3041
    3.1416    3.1416    3.1416    3.1416    3.1416    3.1416    3.1416    3.1416    3.1416
    1.1225    1.1225    1.1226    1.1226    1.1226    1.1226    1.1226    1.1226    1.1226
   -0.0011   -0.0005   -0.0002   -0.0000   -0.0000   -0.0000   -0.0000   -0.0000   -0.0000
    0.0008    0.0005    0.0002    0.0001         0         0         0         0         0
   -0.0052   -0.0031   -0.0015   -0.0004         0         0         0         0         0
    0.0052    0.0031    0.0014    0.0004         0         0         0         0         0
   -0.0000   -0.0000   -0.0000   -0.0000         0         0         0         0         0
   -0.0001   -0.0000   -0.0000   -0.0000         0         0         0         0         0
    0.0008    0.0005    0.0002    0.0001         0         0         0         0         0
   -0.0004   -0.0003   -0.0002   -0.0001   -0.0000         0         0         0         0
    0.0023    0.0019    0.0014    0.0007    0.0000         0         0         0         0
   -0.0023   -0.0019   -0.0014   -0.0007   -0.0000         0         0         0         0
    0.0000    0.0000    0.0000    0.0000    0.0000         0         0         0         0
    0.0001    0.0000    0.0000    0.0000    0.0000         0         0         0         0
   -0.0004   -0.0003   -0.0002   -0.0001   -0.0000         0         0         0         0

  Columns 181 through 189

   -0.0000   -0.0000   -0.0000   -0.0000   -0.0000   -0.0000   -0.0000   -0.0000   -0.0000
   -0.1440   -0.1440   -0.1440   -0.1440   -0.1440   -0.1440   -0.1440   -0.1440   -0.1440
   -0.3041   -0.3041   -0.3041   -0.3041   -0.3041   -0.3041   -0.3041   -0.3041   -0.3041
    3.1416    3.1416    3.1416    3.1416    3.1416    3.1416    3.1416    3.1416    3.1416
    1.1226    1.1226    1.1226    1.1226    1.1226    1.1226    1.1226    1.1226    1.1226
   -0.0000   -0.0000   -0.0000   -0.0000   -0.0000   -0.0000   -0.0000   -0.0000   -0.0000
         0         0         0         0         0         0         0         0         0
         0         0         0         0         0         0         0         0         0
         0         0         0         0         0         0         0         0         0
         0         0         0         0         0         0         0         0         0
         0         0         0         0         0         0         0         0         0
         0         0         0         0         0         0         0         0         0
         0         0         0         0         0         0         0         0         0
         0         0         0         0         0         0         0         0         0
         0         0         0         0         0         0         0         0         0
         0         0         0         0         0         0         0         0         0
         0         0         0         0         0         0         0         0         0
         0         0         0         0         0         0         0         0         0

  Columns 190 through 198

   -0.0000   -0.0000   -0.0000   -0.0000   -0.0000   -0.0000   -0.0000   -0.0000   -0.0000
   -0.1440   -0.1440   -0.1440   -0.1440   -0.1442   -0.1452   -0.1477   -0.1518   -0.1576
   -0.3041   -0.3041   -0.3041   -0.3041   -0.3043   -0.3056   -0.3085   -0.3132   -0.3196
    3.1416    3.1416    3.1416    3.1416    3.1416    3.1416    3.1416    3.1416    3.1416
    1.1226    1.1226    1.1226    1.1226    1.1222    1.1200    1.1146    1.1057    1.0936
   -0.0000   -0.0000   -0.0000   -0.0000   -0.0000   -0.0000   -0.0000   -0.0000   -0.0000
         0         0         0         0   -0.0000   -0.0000   -0.0000   -0.0000   -0.0000
         0         0         0         0    0.0005    0.0017    0.0033    0.0050    0.0066
         0         0         0         0    0.0006    0.0020    0.0038    0.0056    0.0071
         0         0         0         0   -0.0000   -0.0000   -0.0000   -0.0000   -0.0000
         0         0         0         0    0.0011    0.0037    0.0071    0.0106    0.0137
         0         0         0         0    0.0000    0.0000    0.0000    0.0000    0.0000
         0         0         0         0   -0.0000   -0.0000   -0.0000   -0.0000   -0.0000
         0         0         0         0    0.0009    0.0014    0.0016    0.0015    0.0011
         0         0         0         0    0.0011    0.0017    0.0020    0.0019    0.0016
         0         0         0         0   -0.0000   -0.0000   -0.0000   -0.0000   -0.0000
         0         0         0         0    0.0020    0.0031    0.0035    0.0034    0.0027
         0         0         0         0    0.0000    0.0000    0.0000    0.0000    0.0000

  Columns 199 through 207

   -0.0000   -0.0000   -0.0000   -0.0000   -0.0000   -0.0000   -0.0000   -0.0000   -0.0000
   -0.1649   -0.1733   -0.1823   -0.1913   -0.1996   -0.2066   -0.2117   -0.2148   -0.2162
   -0.3273   -0.3356   -0.3439   -0.3517   -0.3584   -0.3637   -0.3675   -0.3698   -0.3707
    3.1416    3.1416    3.1416    3.1416    3.1416    3.1416    3.1416    3.1416    3.1416
    1.0786    1.0619    1.0445    1.0278    1.0128    1.0005    0.9916    0.9862    0.9839
   -0.0000   -0.0000   -0.0000   -0.0000   -0.0000   -0.0000   -0.0000   -0.0000   -0.0000
   -0.0000   -0.0000   -0.0000   -0.0000   -0.0000   -0.0000   -0.0000   -0.0000   -0.0000
    0.0079    0.0088    0.0091    0.0087    0.0077    0.0061    0.0041    0.0022    0.0006
    0.0081    0.0084    0.0081    0.0073    0.0061    0.0046    0.0030    0.0016    0.0004
   -0.0000   -0.0000   -0.0000   -0.0000   -0.0000   -0.0000   -0.0000   -0.0000   -0.0000
    0.0160    0.0172    0.0173    0.0161    0.0138    0.0107    0.0072    0.0037    0.0011
    0.0000    0.0000    0.0000    0.0000    0.0000    0.0000    0.0000    0.0000    0.0000
   -0.0000   -0.0000    0.0000    0.0000    0.0000    0.0000    0.0000    0.0000    0.0000
    0.0006    0.0000   -0.0006   -0.0012   -0.0017   -0.0021   -0.0021   -0.0019   -0.0012
    0.0011    0.0006   -0.0000   -0.0006   -0.0010   -0.0014   -0.0015   -0.0013   -0.0008
   -0.0000    0.0000    0.0000    0.0000    0.0000    0.0000    0.0000    0.0000    0.0000
    0.0018    0.0006   -0.0006   -0.0018   -0.0028   -0.0034   -0.0036   -0.0032   -0.0020
    0.0000   -0.0000   -0.0000   -0.0000   -0.0000   -0.0000   -0.0000   -0.0000   -0.0000

  Columns 208 through 216

   -0.0000   -0.0000   -0.0000   -0.0000   -0.0000   -0.0000   -0.0000   -0.0000   -0.0000
   -0.2164   -0.2164   -0.2162   -0.2148   -0.2117   -0.2066   -0.1997   -0.1913   -0.1824
   -0.3709   -0.3709   -0.3707   -0.3698   -0.3675   -0.3637   -0.3583   -0.3516   -0.3439
    3.1416    3.1416    3.1416    3.1416    3.1416    3.1416    3.1416    3.1416    3.1416
    0.9835    0.9835    0.9839    0.9862    0.9916    1.0005    1.0130    1.0279    1.0446
   -0.0000   -0.0000   -0.0000   -0.0000   -0.0000   -0.0000   -0.0000   -0.0000   -0.0000
         0         0    0.0000    0.0000    0.0000    0.0000    0.0000    0.0000    0.0000
         0         0   -0.0006   -0.0022   -0.0041   -0.0061   -0.0077   -0.0087   -0.0091
         0         0   -0.0004   -0.0016   -0.0030   -0.0046   -0.0061   -0.0073   -0.0081
         0         0    0.0000    0.0000    0.0000    0.0000    0.0000    0.0000    0.0000
         0         0   -0.0011   -0.0037   -0.0072   -0.0107   -0.0138   -0.0161   -0.0173
         0         0   -0.0000   -0.0000   -0.0000   -0.0000   -0.0000   -0.0000   -0.0000
    0.0000         0    0.0000    0.0000    0.0000    0.0000    0.0000    0.0000    0.0000
   -0.0000         0   -0.0012   -0.0019   -0.0021   -0.0021   -0.0017   -0.0012   -0.0006
   -0.0000         0   -0.0008   -0.0013   -0.0015   -0.0014   -0.0010   -0.0006   -0.0000
    0.0000         0    0.0000    0.0000    0.0000    0.0000    0.0000    0.0000    0.0000
   -0.0000         0   -0.0020   -0.0032   -0.0036   -0.0034   -0.0028   -0.0018   -0.0006
   -0.0000         0   -0.0000   -0.0000   -0.0000   -0.0000   -0.0000   -0.0000   -0.0000

  Columns 217 through 225

   -0.0000   -0.0000   -0.0000   -0.0000   -0.0000   -0.0000   -0.0000   -0.0000   -0.0000
   -0.1733   -0.1649   -0.1576   -0.1518   -0.1477   -0.1452   -0.1442   -0.1440   -0.1440
   -0.3356   -0.3273   -0.3196   -0.3132   -0.3085   -0.3056   -0.3043   -0.3041   -0.3041
    3.1416    3.1416    3.1416    3.1416    3.1416    3.1416    3.1416    3.1416    3.1416
    1.0619    1.0786    1.0936    1.1058    1.1146    1.1200    1.1223    1.1226    1.1226
   -0.0000   -0.0000   -0.0000   -0.0000   -0.0000   -0.0000   -0.0000   -0.0000   -0.0000
    0.0000    0.0000    0.0000    0.0000    0.0000    0.0000    0.0000         0         0
   -0.0088   -0.0079   -0.0066   -0.0050   -0.0033   -0.0017   -0.0005         0         0
   -0.0084   -0.0081   -0.0071   -0.0056   -0.0038   -0.0020   -0.0006         0         0
    0.0000    0.0000    0.0000    0.0000    0.0000    0.0000    0.0000         0         0
   -0.0172   -0.0160   -0.0137   -0.0106   -0.0071   -0.0037   -0.0011         0         0
   -0.0000   -0.0000   -0.0000   -0.0000   -0.0000   -0.0000   -0.0000         0         0
   -0.0000   -0.0000   -0.0000   -0.0000   -0.0000   -0.0000   -0.0000   -0.0000         0
    0.0000    0.0006    0.0011    0.0015    0.0016    0.0014    0.0009    0.0000         0
    0.0006    0.0011    0.0016    0.0019    0.0020    0.0017    0.0011    0.0000         0
    0.0000   -0.0000   -0.0000   -0.0000   -0.0000   -0.0000   -0.0000   -0.0000         0
    0.0006    0.0018    0.0027    0.0034    0.0035    0.0031    0.0020    0.0000         0
   -0.0000    0.0000    0.0000    0.0000    0.0000    0.0000    0.0000    0.0000         0

  Columns 226 through 234

    0.0000    0.0001    0.0005    0.0011    0.0020    0.0033    0.0050    0.0071    0.0095
   -0.1442   -0.1450   -0.1470   -0.1509   -0.1568   -0.1652   -0.1762   -0.1900   -0.2066
   -0.3040   -0.3031   -0.3007   -0.2962   -0.2893   -0.2795   -0.2664   -0.2500   -0.2299
    3.1416    3.1416    3.1416    3.1416    3.1416    3.1416    3.1416    3.1416    3.1416
    1.1226    1.1228    1.1231    1.1237    1.1247    1.1261    1.1281    1.1308    1.1343
    0.0000    0.0001    0.0005    0.0011    0.0020    0.0033    0.0050    0.0071    0.0095
    0.0001    0.0002    0.0005    0.0008    0.0012    0.0016    0.0020    0.0025    0.0029
    0.0004    0.0014    0.0029    0.0048    0.0071    0.0097    0.0124    0.0151    0.0179
   -0.0004   -0.0016   -0.0033   -0.0056   -0.0083   -0.0114   -0.0147   -0.0182   -0.0218
    0.0000    0.0000    0.0000   -0.0000   -0.0000    0.0000    0.0000    0.0000    0.0000
   -0.0001   -0.0002   -0.0005   -0.0008   -0.0012   -0.0017   -0.0023   -0.0031   -0.0039
    0.0001    0.0002    0.0005    0.0008    0.0012    0.0016    0.0020    0.0025    0.0029
    0.0001    0.0002    0.0003    0.0004    0.0004    0.0005    0.0005    0.0005    0.0006
    0.0007    0.0013    0.0018    0.0022    0.0025    0.0027    0.0028    0.0029    0.0029
   -0.0008   -0.0015   -0.0020   -0.0025   -0.0028   -0.0030   -0.0032   -0.0032   -0.0032
    0.0000    0.0000    0.0000   -0.0000   -0.0000    0.0000    0.0000    0.0000    0.0000
   -0.0001   -0.0002   -0.0003   -0.0003   -0.0004   -0.0004   -0.0004   -0.0003   -0.0003
    0.0001    0.0002    0.0003    0.0004    0.0004    0.0005    0.0005    0.0005    0.0006

  Columns 235 through 243

    0.0123    0.0153    0.0185    0.0219    0.0254    0.0290    0.0326    0.0361    0.0395
   -0.2259   -0.2480   -0.2726   -0.2996   -0.3289   -0.3603   -0.3935   -0.4284   -0.4647
   -0.2062   -0.1786   -0.1473   -0.1122   -0.0733   -0.0308    0.0151    0.0645    0.1169
    3.1416    3.1416    3.1416    3.1416    3.1416    3.1415    3.1416    3.1416    3.1416
    1.1387    1.1442    1.1509    1.1590    1.1685    1.1796    1.1924    1.2069    1.2230
    0.0123    0.0153    0.0185    0.0219    0.0254    0.0290    0.0326    0.0361    0.0395
    0.0034    0.0038    0.0042    0.0045    0.0049    0.0051    0.0053    0.0055    0.0055
    0.0206    0.0232    0.0257    0.0280    0.0301    0.0320    0.0337    0.0352    0.0365
   -0.0255   -0.0293   -0.0330   -0.0367   -0.0403   -0.0438   -0.0472   -0.0503   -0.0533
    0.0000   -0.0000   -0.0000    0.0000    0.0000   -0.0000   -0.0000    0.0000    0.0000
   -0.0049   -0.0061   -0.0073   -0.0087   -0.0102   -0.0118   -0.0135   -0.0151   -0.0168
    0.0034    0.0038    0.0042    0.0045    0.0049    0.0051    0.0053    0.0055    0.0055
    0.0006    0.0006    0.0006    0.0006    0.0006    0.0005    0.0005    0.0005    0.0004
    0.0028    0.0027    0.0025    0.0022    0.0019    0.0016    0.0012    0.0007    0.0002
   -0.0030   -0.0028   -0.0025   -0.0022   -0.0017   -0.0012   -0.0006    0.0000    0.0008
    0.0000   -0.0000    0.0000    0.0000    0.0000   -0.0000   -0.0000    0.0000    0.0000
   -0.0002   -0.0002   -0.0001    0.0001    0.0002    0.0004    0.0006    0.0008    0.0010
    0.0006    0.0006    0.0006    0.0006    0.0006    0.0005    0.0005    0.0005    0.0004

  Columns 244 through 252

    0.0428    0.0460    0.0490    0.0518    0.0545    0.0569    0.0592    0.0612    0.0630
   -0.5022   -0.5407   -0.5801   -0.6201   -0.6605   -0.7010   -0.7415   -0.7818   -0.8215
    0.1723    0.2303    0.2909    0.3536    0.4181    0.4839    0.5508    0.6184    0.6860
    3.1419    3.1416    3.1416    3.1416    3.1416    3.1415    3.1416    3.1416    3.1416
    1.2409    1.2601    1.2815    1.3043    1.3285    1.3538    1.3801    1.4074    1.4353
    0.0427    0.0460    0.0490    0.0518    0.0545    0.0569    0.0592    0.0612    0.0630
    0.0056    0.0055    0.0054    0.0053    0.0051    0.0048    0.0046    0.0043    0.0039
    0.0375    0.0384    0.0391    0.0395    0.0398    0.0398    0.0396    0.0392    0.0386
   -0.0560   -0.0585   -0.0607   -0.0625   -0.0641   -0.0653   -0.0660   -0.0663   -0.0661
    0.0000   -0.0000   -0.0000    0.0000    0.0000   -0.0000   -0.0000    0.0000    0.0000
   -0.0185   -0.0201   -0.0216   -0.0230   -0.0243   -0.0254   -0.0264   -0.0271   -0.0275
    0.0056    0.0055    0.0054    0.0053    0.0051    0.0049    0.0046    0.0043    0.0039
    0.0004    0.0003    0.0002    0.0002    0.0001    0.0000   -0.0001   -0.0001   -0.0002
   -0.0003   -0.0008   -0.0014   -0.0020   -0.0026   -0.0033   -0.0040   -0.0047   -0.0053
    0.0015    0.0024    0.0033    0.0043    0.0053    0.0065    0.0076    0.0088    0.0100
   -0.0000   -0.0000   -0.0000   -0.0000    0.0000    0.0000   -0.0000   -0.0000    0.0000
    0.0013    0.0016    0.0019    0.0023    0.0027    0.0032    0.0036    0.0042    0.0047
    0.0004    0.0003    0.0002    0.0002    0.0001    0.0000   -0.0001   -0.0001   -0.0002

  Columns 253 through 261

    0.0647    0.0661    0.0674    0.0684    0.0693    0.0700    0.0706    0.0710    0.0713
   -0.8604   -0.8982   -0.9345   -0.9688   -1.0005   -1.0293   -1.0543   -1.0749   -1.0906
    0.7532    0.8192    0.8833    0.9446    1.0020    1.0544    1.1003    1.1384    1.1675
    3.1416    3.1416    3.1416    3.1416    3.1414    3.1416    3.1416    3.1416    3.1416
    1.4636    1.4918    1.5197    1.5467    1.5722    1.5959    1.6168    1.6343    1.6477
    0.0647    0.0661    0.0674    0.0684    0.0693    0.0700    0.0706    0.0710    0.0713
    0.0036    0.0032    0.0028    0.0024    0.0020    0.0016    0.0013    0.0009    0.0006
    0.0376    0.0363    0.0346    0.0324    0.0297    0.0264    0.0224    0.0178    0.0129
   -0.0653   -0.0638   -0.0615   -0.0583   -0.0539   -0.0482   -0.0412   -0.0330   -0.0239
    0.0000   -0.0000    0.0000    0.0000   -0.0000   -0.0000   -0.0000    0.0000    0.0000
   -0.0277   -0.0275   -0.0269   -0.0258   -0.0242   -0.0219   -0.0188   -0.0152   -0.0111
    0.0036    0.0032    0.0028    0.0024    0.0020    0.0016    0.0013    0.0009    0.0006
   -0.0002   -0.0003   -0.0003   -0.0003   -0.0003   -0.0003   -0.0003   -0.0003   -0.0003
   -0.0060   -0.0067   -0.0073   -0.0078   -0.0081   -0.0082   -0.0079   -0.0074   -0.0064
    0.0113    0.0125    0.0136    0.0145    0.0151    0.0153    0.0149    0.0138    0.0120
   -0.0000   -0.0000   -0.0000   -0.0000   -0.0000   -0.0000   -0.0000   -0.0000   -0.0000
    0.0053    0.0058    0.0063    0.0067    0.0070    0.0071    0.0069    0.0064    0.0056
   -0.0002   -0.0003   -0.0003   -0.0003   -0.0003   -0.0003   -0.0003   -0.0003   -0.0003

  Columns 262 through 270

    0.0715    0.0716    0.0717    0.0717    0.0717    0.0717    0.0717    0.0717    0.0717
   -1.1010   -1.1072   -1.1096   -1.1099   -1.1099   -1.1099   -1.1093   -1.1079   -1.1061
    1.1868    1.1984    1.2028    1.2035    1.2035    1.2030    1.1997    1.1920    1.1801
    3.1416    3.1416    3.1416    3.1416    3.1416    3.1416    3.1416    3.1416    3.1416
    1.6562    1.6619    1.6640    1.6644    1.6644    1.6639    1.6612    1.6549    1.6448
    0.0715    0.0716    0.0717    0.0717    0.0717    0.0717    0.0717    0.0717    0.0717
    0.0004    0.0002    0.0000         0         0   -0.0000   -0.0000   -0.0000    0.0000
    0.0080    0.0039    0.0010         0         0   -0.0003   -0.0009   -0.0016   -0.0020
   -0.0149   -0.0072   -0.0019         0         0    0.0016    0.0053    0.0098    0.0140
   -0.0000   -0.0000   -0.0000         0         0    0.0000    0.0000    0.0000   -0.0000
   -0.0069   -0.0033   -0.0009         0         0    0.0013    0.0044    0.0082    0.0120
    0.0004    0.0002    0.0000         0         0    0.0000    0.0000    0.0000   -0.0000
   -0.0002   -0.0002   -0.0001   -0.0000         0   -0.0000   -0.0000   -0.0000    0.0000
   -0.0052   -0.0037   -0.0020   -0.0000         0   -0.0005   -0.0008   -0.0010   -0.0011
    0.0097    0.0070    0.0038    0.0000         0    0.0029    0.0046    0.0053    0.0052
    0.0000    0.0000    0.0000    0.0000         0    0.0000    0.0000    0.0000   -0.0000
    0.0045    0.0032    0.0017    0.0000         0    0.0024    0.0038    0.0043    0.0042
   -0.0002   -0.0002   -0.0001   -0.0000         0    0.0000    0.0000    0.0000   -0.0000

  Columns 271 through 279

    0.0717    0.0717    0.0717    0.0717    0.0717    0.0717    0.0717    0.0717    0.0717
   -1.1041   -1.1021   -1.1007   -1.1000   -1.0999   -1.1003   -1.1010   -1.1016   -1.1021
    1.1645    1.1465    1.1278    1.1098    1.0937    1.0801    1.0696    1.0621    1.0579
    3.1415    3.1416    3.1416    3.1416    3.1416    3.1416    3.1416    3.1416    3.1416
    1.6312    1.6151    1.5979    1.5806    1.5646    1.5506    1.5394    1.5313    1.5266
    0.0717    0.0717    0.0717    0.0717    0.0717    0.0717    0.0717    0.0717    0.0717
    0.0000    0.0000    0.0000   -0.0000    0.0000   -0.0000   -0.0000    0.0000    0.0000
   -0.0021   -0.0017   -0.0011   -0.0004    0.0002    0.0006    0.0007    0.0006    0.0003
    0.0171    0.0186    0.0185    0.0172    0.0150    0.0121    0.0089    0.0058    0.0029
   -0.0000   -0.0000   -0.0000    0.0000    0.0000   -0.0000   -0.0000    0.0000    0.0000
    0.0150    0.0169    0.0175    0.0168    0.0152    0.0127    0.0096    0.0063    0.0033
   -0.0000   -0.0000   -0.0000    0.0000   -0.0000    0.0000    0.0000   -0.0000   -0.0000
    0.0000    0.0000    0.0000    0.0000   -0.0000    0.0000    0.0000   -0.0000   -0.0000
   -0.0010   -0.0009   -0.0008   -0.0006   -0.0005   -0.0005   -0.0004   -0.0004   -0.0003
    0.0045    0.0034    0.0020    0.0006   -0.0007   -0.0018   -0.0025   -0.0027   -0.0025
   -0.0000   -0.0000   -0.0000    0.0000   -0.0000    0.0000    0.0000   -0.0000   -0.0000
    0.0035    0.0025    0.0013   -0.0000   -0.0012   -0.0022   -0.0029   -0.0031   -0.0028
   -0.0000   -0.0000   -0.0000    0.0000    0.0000   -0.0000   -0.0000    0.0000    0.0000

  Columns 280 through 288

    0.0717    0.0717    0.0717    0.0717    0.0716    0.0715    0.0713    0.0710    0.0706
   -1.1023   -1.1023   -1.1023   -1.1021   -1.1003   -1.0958   -1.0878   -1.0755   -1.0588
    1.0562    1.0559    1.0559    1.0554    1.0523    1.0442    1.0299    1.0082    0.9788
    3.1416    3.1416    3.1416    3.1416    3.1416    3.1416    3.1416    3.1416    3.1416
    1.5246    1.5243    1.5243    1.5241    1.5227    1.5192    1.5129    1.5036    1.4907
    0.0717    0.0717    0.0717    0.0717    0.0716    0.0715    0.0713    0.0710    0.0706
    0.0000         0         0   -0.0000   -0.0002   -0.0004   -0.0006   -0.0009   -0.0013
    0.0001         0         0   -0.0008   -0.0029   -0.0060   -0.0099   -0.0141   -0.0184
    0.0008         0         0    0.0014    0.0051    0.0107    0.0176    0.0250    0.0323
    0.0000         0         0    0.0000    0.0000    0.0000    0.0000   -0.0000   -0.0000
    0.0009         0         0    0.0006    0.0022    0.0047    0.0077    0.0108    0.0139
   -0.0000         0         0   -0.0000   -0.0002   -0.0004   -0.0006   -0.0009   -0.0013
   -0.0000   -0.0000         0   -0.0001   -0.0002   -0.0002   -0.0003   -0.0003   -0.0003
   -0.0002   -0.0000         0   -0.0015   -0.0027   -0.0038   -0.0047   -0.0054   -0.0059
   -0.0016   -0.0000         0    0.0026    0.0049    0.0068    0.0084    0.0097    0.0106
   -0.0000   -0.0000         0    0.0000    0.0000    0.0000    0.0000   -0.0000   -0.0000
   -0.0018   -0.0000         0    0.0012    0.0022    0.0030    0.0037    0.0043    0.0047
    0.0000    0.0000         0   -0.0001   -0.0002   -0.0002   -0.0003   -0.0003   -0.0003

  Columns 289 through 297

    0.0700    0.0695    0.0685    0.0674    0.0661    0.0647    0.0630    0.0612    0.0591
   -1.0380   -1.0131   -0.9849   -0.9536   -0.9199   -0.8840   -0.8465   -0.8078   -0.7680
    0.9422    0.8991    0.8505    0.7974    0.7407    0.6815    0.6205    0.5585    0.4960
    3.1416    3.1403    3.1413    3.1415    3.1416    3.1416    3.1416    3.1416    3.1416
    1.4750    1.4567    1.4364    1.4145    1.3916    1.3682    1.3447    1.3215    1.2988
    0.0700    0.0696    0.0685    0.0674    0.0661    0.0647    0.0630    0.0612    0.0591
   -0.0016   -0.0020   -0.0024   -0.0028   -0.0032   -0.0036   -0.0039   -0.0043   -0.0046
   -0.0224   -0.0260   -0.0292   -0.0319   -0.0341   -0.0360   -0.0374   -0.0386   -0.0394
    0.0390    0.0449    0.0499    0.0538    0.0568    0.0589    0.0603    0.0611    0.0612
   -0.0000    0.0000    0.0000    0.0000    0.0000    0.0000   -0.0000   -0.0000   -0.0000
    0.0166    0.0189    0.0207    0.0219    0.0226    0.0230    0.0229    0.0225    0.0218
   -0.0016   -0.0020   -0.0024   -0.0028   -0.0032   -0.0036   -0.0039   -0.0043   -0.0046
   -0.0003   -0.0003   -0.0003   -0.0003   -0.0003   -0.0002   -0.0002   -0.0001   -0.0001
   -0.0062   -0.0063   -0.0063   -0.0060   -0.0057   -0.0052   -0.0047   -0.0041   -0.0035
    0.0112    0.0114    0.0113    0.0109    0.0102    0.0095    0.0086    0.0076    0.0067
   -0.0000    0.0000    0.0000    0.0000    0.0000    0.0000   -0.0000   -0.0000   -0.0000
    0.0050    0.0051    0.0050    0.0048    0.0046    0.0042    0.0039    0.0035    0.0032
   -0.0003   -0.0003   -0.0003   -0.0003   -0.0003   -0.0002   -0.0002   -0.0001   -0.0001

  Columns 298 through 306

    0.0569    0.0545    0.0518    0.0490    0.0460    0.0428    0.0395    0.0361    0.0326
   -0.7275   -0.6867   -0.6457   -0.6048   -0.5643   -0.5243   -0.4852   -0.4472   -0.4105
    0.4336    0.3721    0.3117    0.2528    0.1958    0.1411    0.0889    0.0395   -0.0069
    3.1416    3.1416    3.1417    3.1416    3.1416    3.1415    3.1416    3.1416    3.1416
    1.2767    1.2562    1.2368    1.2188    1.2023    1.1876    1.1745    1.1631    1.1534
    0.0569    0.0545    0.0518    0.0490    0.0460    0.0429    0.0395    0.0361    0.0326
   -0.0048   -0.0051   -0.0053   -0.0054   -0.0055   -0.0056   -0.0055   -0.0055   -0.0053
   -0.0400   -0.0403   -0.0403   -0.0401   -0.0397   -0.0390   -0.0381   -0.0370   -0.0356
    0.0608    0.0600    0.0587    0.0570    0.0550    0.0527    0.0501    0.0473    0.0443
    0.0000    0.0000   -0.0000    0.0000    0.0000    0.0000    0.0000    0.0000    0.0000
    0.0208    0.0197    0.0183    0.0169    0.0153    0.0137    0.0120    0.0103    0.0087
   -0.0048   -0.0051   -0.0053   -0.0054   -0.0055   -0.0056   -0.0055   -0.0055   -0.0053
    0.0000    0.0001    0.0002    0.0002    0.0003    0.0004    0.0004    0.0005    0.0005
   -0.0029   -0.0023   -0.0017   -0.0012   -0.0006   -0.0001    0.0005    0.0009    0.0014
    0.0057    0.0048    0.0039    0.0030    0.0022    0.0015    0.0008    0.0001   -0.0005
   -0.0000   -0.0000   -0.0000   -0.0000   -0.0000    0.0000   -0.0000   -0.0000   -0.0000
    0.0028    0.0025    0.0022    0.0019    0.0016    0.0014    0.0012    0.0010    0.0009
    0.0000    0.0001    0.0002    0.0002    0.0003    0.0004    0.0004    0.0005    0.0005

  Columns 307 through 315

    0.0290    0.0254    0.0219    0.0185    0.0153    0.0123    0.0095    0.0071    0.0050
   -0.3754   -0.3421   -0.3110   -0.2821   -0.2557   -0.2321   -0.2114   -0.1936   -0.1787
   -0.0500   -0.0898   -0.1262   -0.1590   -0.1881   -0.2137   -0.2357   -0.2543   -0.2694
    3.1416    3.1416    3.1416    3.1416    3.1416    3.1416    3.1416    3.1416    3.1416
    1.1454    1.1388    1.1337    1.1298    1.1269    1.1250    1.1237    1.1230    1.1226
    0.0290    0.0254    0.0219    0.0185    0.0153    0.0123    0.0095    0.0071    0.0050
   -0.0051   -0.0049   -0.0045   -0.0042   -0.0038   -0.0034   -0.0029   -0.0025   -0.0020
   -0.0339   -0.0320   -0.0299   -0.0275   -0.0249   -0.0221   -0.0192   -0.0163   -0.0133
    0.0411    0.0378    0.0343    0.0308    0.0272    0.0237    0.0202    0.0168    0.0135
    0.0000    0.0000   -0.0000   -0.0000   -0.0000   -0.0000   -0.0000   -0.0000   -0.0000
    0.0072    0.0057    0.0044    0.0033    0.0023    0.0016    0.0010    0.0005    0.0002
   -0.0051   -0.0049   -0.0045   -0.0042   -0.0038   -0.0034   -0.0029   -0.0025   -0.0020
    0.0005    0.0006    0.0006    0.0006    0.0006    0.0006    0.0006    0.0005    0.0005
    0.0018    0.0021    0.0025    0.0027    0.0029    0.0030    0.0031    0.0031    0.0030
   -0.0010   -0.0015   -0.0019   -0.0023   -0.0026   -0.0028   -0.0029   -0.0029   -0.0029
   -0.0000   -0.0000    0.0000    0.0000    0.0000    0.0000    0.0000    0.0000    0.0000
    0.0007    0.0006    0.0005    0.0004    0.0003    0.0003    0.0002    0.0002    0.0001
    0.0005    0.0006    0.0006    0.0006    0.0006    0.0006    0.0006    0.0005    0.0005

  Columns 316 through 324

    0.0033    0.0020    0.0011    0.0005    0.0001    0.0000   -0.0000   -0.0000   -0.0000
   -0.1669   -0.1578   -0.1514   -0.1473   -0.1450   -0.1442   -0.1440   -0.1440   -0.1439
   -0.2814   -0.2905   -0.2969   -0.3010   -0.3032   -0.3040   -0.3041   -0.3041   -0.3040
    3.1416    3.1416    3.1416    3.1416    3.1416    3.1416    3.1416    3.1416    3.1416
    1.1225    1.1224    1.1225    1.1226    1.1226    1.1226    1.1226    1.1226    1.1229
    0.0033    0.0020    0.0011    0.0005    0.0001    0.0000   -0.0000   -0.0000   -0.0000
   -0.0016   -0.0012   -0.0008   -0.0005   -0.0002   -0.0001         0         0    0.0000
   -0.0104   -0.0077   -0.0052   -0.0031   -0.0015   -0.0004         0         0   -0.0003
    0.0105    0.0077    0.0052    0.0031    0.0014    0.0004         0         0   -0.0004
   -0.0000    0.0000    0.0000    0.0000    0.0000   -0.0000         0         0    0.0000
    0.0001   -0.0000   -0.0001   -0.0000   -0.0000   -0.0000         0         0   -0.0007
   -0.0016   -0.0012   -0.0008   -0.0005   -0.0002   -0.0001         0         0   -0.0000
    0.0005    0.0004    0.0004    0.0003    0.0002    0.0001    0.0000         0    0.0000
    0.0029    0.0027    0.0023    0.0019    0.0014    0.0007    0.0000         0   -0.0006
   -0.0028   -0.0026   -0.0023   -0.0019   -0.0014   -0.0007   -0.0000         0   -0.0007
   -0.0000   -0.0000   -0.0000   -0.0000   -0.0000    0.0000   -0.0000         0    0.0000
    0.0001    0.0001    0.0001    0.0000    0.0000    0.0000    0.0000         0   -0.0014
    0.0005    0.0004    0.0004    0.0003    0.0002    0.0001    0.0000         0   -0.0000

  Columns 325 through 333

   -0.0000   -0.0000   -0.0000   -0.0000   -0.0000   -0.0000   -0.0000   -0.0000   -0.0000
   -0.1432   -0.1414   -0.1382   -0.1334   -0.1270   -0.1191   -0.1100   -0.1000   -0.0897
   -0.3031   -0.3009   -0.2969   -0.2906   -0.2818   -0.2702   -0.2556   -0.2378   -0.2167
    3.1416    3.1416    3.1416    3.1416    3.1416    3.1416    3.1416    3.1416    3.1416
    1.1244    1.1285    1.1357    1.1468    1.1620    1.1817    1.2053    1.2330    1.2644
   -0.0000   -0.0000   -0.0000   -0.0000   -0.0000   -0.0000   -0.0000   -0.0000   -0.0000
    0.0000    0.0000    0.0000    0.0000    0.0000    0.0000    0.0000    0.0000    0.0000
   -0.0012   -0.0025   -0.0040   -0.0056   -0.0072   -0.0086   -0.0096   -0.0102   -0.0104
   -0.0014   -0.0030   -0.0051   -0.0075   -0.0102   -0.0131   -0.0162   -0.0194   -0.0227
    0.0000    0.0000    0.0000    0.0000    0.0000    0.0000    0.0000    0.0000    0.0000
   -0.0026   -0.0055   -0.0091   -0.0131   -0.0174   -0.0217   -0.0258   -0.0296   -0.0331
   -0.0000   -0.0000   -0.0000   -0.0000   -0.0000   -0.0000   -0.0000   -0.0000   -0.0000
    0.0000    0.0000    0.0000    0.0000    0.0000    0.0000    0.0000    0.0000    0.0000
   -0.0011   -0.0015   -0.0018   -0.0020   -0.0021   -0.0022   -0.0022   -0.0022   -0.0022
   -0.0013   -0.0018   -0.0021   -0.0022   -0.0023   -0.0022   -0.0020   -0.0017   -0.0013
    0.0000    0.0000    0.0000    0.0000    0.0000    0.0000    0.0000    0.0000    0.0000
   -0.0024   -0.0033   -0.0039   -0.0042   -0.0044   -0.0044   -0.0042   -0.0039   -0.0034
   -0.0000   -0.0000   -0.0000   -0.0000   -0.0000   -0.0000   -0.0000   -0.0000   -0.0000

  Columns 334 through 342

   -0.0000   -0.0000   -0.0000   -0.0000   -0.0000   -0.0000   -0.0000   -0.0000   -0.0000
   -0.0794   -0.0698   -0.0611   -0.0538   -0.0481   -0.0442   -0.0420   -0.0414   -0.0423
   -0.1924   -0.1649   -0.1344   -0.1013   -0.0660   -0.0290    0.0089    0.0471    0.0848
    3.1416    3.1416    3.1416    3.1416    3.1416    3.1416    3.1416    3.1416    3.1416
    1.2989    1.3361    1.3753    1.4157    1.4567    1.4977    1.5378    1.5765    1.6133
   -0.0000   -0.0000   -0.0000   -0.0000   -0.0000   -0.0000   -0.0000   -0.0000   -0.0000
    0.0000    0.0000    0.0000    0.0000    0.0000    0.0000    0.0000    0.0000    0.0000
   -0.0100   -0.0092   -0.0080   -0.0065   -0.0048   -0.0031   -0.0014    0.0002    0.0016
   -0.0259   -0.0290   -0.0319   -0.0343   -0.0362   -0.0376   -0.0382   -0.0381   -0.0371
    0.0000    0.0000    0.0000    0.0000    0.0000    0.0000    0.0000   -0.0000   -0.0000
   -0.0360   -0.0383   -0.0399   -0.0408   -0.0411   -0.0407   -0.0396   -0.0378   -0.0355
   -0.0000   -0.0000   -0.0000   -0.0000   -0.0000   -0.0000   -0.0000   -0.0000   -0.0000
    0.0000    0.0000    0.0000    0.0000   -0.0000   -0.0000   -0.0000   -0.0000   -0.0000
   -0.0021   -0.0020   -0.0019   -0.0018   -0.0017   -0.0017   -0.0016   -0.0015   -0.0014
   -0.0008   -0.0003    0.0003    0.0010    0.0017    0.0023    0.0030    0.0037    0.0043
    0.0000    0.0000    0.0000    0.0000    0.0000    0.0000    0.0000    0.0000    0.0000
   -0.0029   -0.0023   -0.0016   -0.0009   -0.0001    0.0007    0.0014    0.0022    0.0028
   -0.0000   -0.0000   -0.0000   -0.0000   -0.0000   -0.0000   -0.0000    0.0000    0.0000

  Columns 343 through 351

   -0.0000   -0.0000   -0.0000   -0.0000   -0.0000   -0.0000   -0.0000   -0.0000   -0.0000
   -0.0444   -0.0474   -0.0509   -0.0544   -0.0577   -0.0606   -0.0629   -0.0644   -0.0653
    0.1210    0.1549    0.1858    0.2129    0.2356    0.2536    0.2669    0.2757    0.2806
    3.1416    3.1416    3.1416    3.1416    3.1416    3.1416    3.1416    3.1416    3.1416
    1.6473    1.6783    1.7060    1.7293    1.7487    1.7638    1.7748    1.7821    1.7861
   -0.0000   -0.0000   -0.0000   -0.0000   -0.0000   -0.0000    0.0000    0.0000    0.0000
    0.0000    0.0000    0.0000    0.0000    0.0000    0.0000    0.0000    0.0000    0.0000
    0.0026    0.0033    0.0036    0.0035    0.0032    0.0026    0.0019    0.0012    0.0006
   -0.0352   -0.0325   -0.0291   -0.0250   -0.0204   -0.0157   -0.0110   -0.0067   -0.0032
   -0.0000   -0.0000   -0.0000   -0.0000   -0.0000   -0.0000   -0.0000   -0.0000   -0.0000
   -0.0326   -0.0293   -0.0255   -0.0215   -0.0173   -0.0131   -0.0091   -0.0055   -0.0026
   -0.0000   -0.0000   -0.0000   -0.0000   -0.0000   -0.0000   -0.0000   -0.0000   -0.0000
   -0.0000   -0.0000   -0.0000   -0.0000   -0.0000   -0.0000   -0.0000   -0.0000   -0.0000
   -0.0014   -0.0013   -0.0013   -0.0012   -0.0011   -0.0010   -0.0009   -0.0007   -0.0006
    0.0048    0.0052    0.0054    0.0056    0.0055    0.0052    0.0048    0.0040    0.0030
    0.0000    0.0000    0.0000    0.0000    0.0000    0.0000    0.0000    0.0000    0.0000
    0.0034    0.0039    0.0042    0.0044    0.0044    0.0042    0.0039    0.0033    0.0025
    0.0000    0.0000    0.0000    0.0000    0.0000    0.0000    0.0000    0.0000    0.0000

  Columns 352 through 360

   -0.0000   -0.0000   -0.0000   -0.0000   -0.0000   -0.0000   -0.0000   -0.0000   -0.0000
   -0.0657   -0.0657   -0.0657   -0.0657   -0.0657   -0.0657   -0.0657   -0.0657   -0.0657
    0.2825    0.2828    0.2828    0.2828    0.2828    0.2828    0.2828    0.2828    0.2828
    3.1416    3.1416    3.1416    3.1416    3.1416    3.1416    3.1416    3.1416    3.1416
    1.7877    1.7879    1.7879    1.7879    1.7879    1.7879    1.7879    1.7879    1.7879
    0.0000    0.0000    0.0000    0.0000    0.0000    0.0000    0.0000    0.0000    0.0000
    0.0000         0         0         0         0         0         0         0         0
    0.0002         0         0         0         0         0         0         0         0
   -0.0009         0         0         0         0         0         0         0         0
   -0.0000         0         0         0         0         0         0         0         0
   -0.0007         0         0         0         0         0         0         0         0
   -0.0000         0         0         0         0         0         0         0         0
   -0.0000   -0.0000         0         0         0         0         0         0         0
   -0.0003   -0.0000         0         0         0         0         0         0         0
    0.0017    0.0000         0         0         0         0         0         0         0
    0.0000    0.0000         0         0         0         0         0         0         0
    0.0014    0.0000         0         0         0         0         0         0         0
    0.0000    0.0000         0         0         0         0         0         0         0

  Columns 361 through 369

   -0.0000   -0.0000   -0.0000   -0.0000   -0.0000   -0.0000   -0.0000   -0.0000   -0.0000
   -0.0657   -0.0657   -0.0657   -0.0657   -0.0657   -0.0657   -0.0657   -0.0657   -0.0657
    0.2828    0.2828    0.2828    0.2828    0.2828    0.2828    0.2828    0.2828    0.2828
    3.1416    3.1416    3.1416    3.1416    3.1416    3.1416    3.1416    3.1416    3.1416
    1.7879    1.7879    1.7879    1.7879    1.7879    1.7879    1.7879    1.7879    1.7879
    0.0000    0.0000    0.0000    0.0000    0.0000    0.0000    0.0000    0.0000    0.0000
         0         0         0         0         0         0         0         0         0
         0         0         0         0         0         0         0         0         0
         0         0         0         0         0         0         0         0         0
         0         0         0         0         0         0         0         0         0
         0         0         0         0         0         0         0         0         0
         0         0         0         0         0         0         0         0         0
         0         0         0         0         0         0         0         0         0
         0         0         0         0         0         0         0         0         0
         0         0         0         0         0         0         0         0         0
         0         0         0         0         0         0         0         0         0
         0         0         0         0         0         0         0         0         0
         0         0         0         0         0         0         0         0         0

  Columns 370 through 374

   -0.0000   -0.0000   -0.0000   -0.0000   -0.0000
   -0.0657   -0.0657   -0.0657   -0.0657   -0.0657
    0.2828    0.2828    0.2828    0.2828    0.2828
    3.1416    3.1416    3.1416    3.1416    3.1416
    1.7879    1.7879    1.7879    1.7879    1.7879
    0.0000    0.0000    0.0000    0.0000    0.0000
         0         0         0         0         0
         0         0         0         0         0
         0         0         0         0         0
         0         0         0         0         0
         0         0         0         0         0
         0         0         0         0         0
         0         0         0         0         0
         0         0         0         0         0
         0         0         0         0         0
         0         0         0         0         0
         0         0         0         0         0
         0         0         0         0         0

